$ANSIBLE_VAULT;1.1;AES256
65613130326630636232643466616538336434396132363330383633353861356665333666626430
3031643538383234626561653766393832353864303136360a303236613864393537353338633935
31363233663566383235663030656635643434383863376430653039323266353666356637353765
6365653530643632300a373461373236333166323636643239366337363166656636303932323934
32643463396462366238316638613636313038613236666464383835623434636161393336396665
39363537326331653764363964623538653936343935386566666463656165333135323963393232
39646430383835323265663562666233336366633665336563663134323334366662383061393263
63376132366638303532323534363262666438653239323731303863343963326538326333636337
61613630393963623931326435313162383764373831396663396433323565333963376233616263
39643630313961613539656462363630623238326566633037326361313163666135363031633334
303730346135393336366433643536313438
